0.1 0.900586 5.991
0.2 0.530828 5.991
0.3 0.55754 5.991
0.4 0.0606647 5.991
0.5 1.05696 5.991
0.6 2.41457 5.991
0.7 0.242038 5.991
0.8 11.4895 5.991
0.9 2.86581 5.991
1 1.70137 5.991
1.1 3.18983 5.991
1.2 0.302487 5.991
1.3 2.4452 5.991
1.4 0.699493 5.991
1.5 0.327321 5.991
1.6 0.551047 5.991
1.7 0.649736 5.991
1.8 2.52494 5.991
1.9 0.976667 5.991
2 1.7345 5.991
2.1 2.33642 5.991
2.2 0.331602 5.991
2.3 0.83429 5.991
2.4 3.12555 5.991
2.5 2.29356 5.991
2.6 0.938693 5.991
2.7 0.391556 5.991
2.8 2.493 5.991
2.9 0.776775 5.991
3 0.366977 5.991
3.1 0.35722 5.991
3.2 0.218272 5.991
3.3 0.502195 5.991
3.4 0.329419 5.991
3.5 0.225875 5.991
3.6 1.9938 5.991
3.7 0.893505 5.991
3.8 0.525207 5.991
3.9 1.96494 5.991
4 3.77075 5.991
4.1 1.50183 5.991
4.2 1.26998 5.991
4.3 3.37566 5.991
4.4 3.94608 5.991
4.5 3.20927 5.991
4.6 0.971914 5.991
4.7 1.02393 5.991
4.8 2.12741 5.991
4.9 0.0206402 5.991
5 5.33056 5.991
5.1 0.942705 5.991
5.2 2.16826 5.991
5.3 0.981036 5.991
5.4 1.41032 5.991
5.5 0.354122 5.991
5.6 1.01392 5.991
5.7 2.30943 5.991
5.8 3.69612 5.991
5.9 0.0456908 5.991
6 0.526278 5.991
6.10001 0.248945 5.991
6.20001 2.02225 5.991
6.30001 3.81247 5.991
6.40001 0.888796 5.991
6.50001 1.03686 5.991
6.60001 0.564761 5.991
6.70001 0.26346 5.991
6.80001 2.80326 5.991
6.90001 0.859421 5.991
7.00001 0.753368 5.991
7.10001 1.2256 5.991
7.20001 1.8158 5.991
7.30001 0.572414 5.991
7.40001 0.712184 5.991
7.50001 1.5746 5.991
7.60001 0.150792 5.991
7.70001 2.07399 5.991
7.80001 0.165074 5.991
7.90001 1.78225 5.991
8.00001 0.672046 5.991
8.10001 0.438925 5.991
8.20001 3.56158 5.991
8.30001 1.61397 5.991
8.40001 0.879098 5.991
8.50001 2.4088 5.991
8.60001 2.86783 5.991
8.70002 0.107765 5.991
8.80002 3.02772 5.991
8.90002 0.363084 5.991
9.00002 0.136814 5.991
9.10002 0.413935 5.991
9.20002 1.84116 5.991
9.30002 1.96213 5.991
9.40002 0.758231 5.991
9.50002 1.10143 5.991
9.60002 1.69151 5.991
9.70002 2.98109 5.991
9.80002 1.17313 5.991
9.90002 6.16914 5.991
10 0.0709515 5.991
10.1 0.512212 5.991
10.2 2.25916 5.991
10.3 1.47462 5.991
10.4 0.67189 5.991
10.5 1.88043 5.991
10.6 0.838261 5.991
10.7 0.605675 5.991
10.8 4.01623 5.991
10.9 1.34349 5.991
11 3.45654 5.991
11.1 0.410785 5.991
11.2 0.505331 5.991
11.3 3.7368 5.991
11.4 1.55295 5.991
11.5 0.664996 5.991
11.6 2.03634 5.991
11.7 0.909097 5.991
11.8 3.99063 5.991
11.9 0.0767486 5.991
12 1.05891 5.991
12.1 0.609349 5.991
12.2 0.247097 5.991
12.3 2.58885 5.991
12.4 0.311579 5.991
12.5 1.81978 5.991
12.6 0.595794 5.991
12.7 2.03732 5.991
12.8 2.14775 5.991
12.9 0.852773 5.991
13 0.0169252 5.991
13.1 1.32019 5.991
13.2 0.559834 5.991
13.3 1.40655 5.991
13.4 5.26993 5.991
13.5 3.99532 5.991
13.6 1.59864 5.991
13.7 1.61776 5.991
13.8 2.22224 5.991
13.9 1.88813 5.991
14 0.930877 5.991
14.1 0.641886 5.991
14.2 0.31826 5.991
14.3 2.89015 5.991
14.4 1.36553 5.991
14.5 4.48688 5.991
14.6 0.618026 5.991
14.7 1.28194 5.991
14.8 0.278344 5.991
14.9 1.83547 5.991
15 0.0928163 5.991
15.1 4.11459 5.991
15.2 0.718764 5.991
15.3 0.64488 5.991
15.4 3.73844 5.991
15.5 3.48313 5.991
15.6 3.28833 5.991
15.7 2.80521 5.991
15.8 0.389644 5.991
15.9 1.5086 5.991
16 4.10769 5.991
16.1 1.51477 5.991
16.2 1.44478 5.991
16.3 0.948439 5.991
16.4 1.66374 5.991
16.5 5.47001 5.991
16.6 2.15234 5.991
16.7 0.457651 5.991
16.8 1.4326 5.991
16.9 0.507774 5.991
17 0.1643 5.991
17.1 2.26928 5.991
17.2 0.263652 5.991
17.3 3.08153 5.991
17.4 1.12803 5.991
17.5 14.7777 5.991
17.6 0.790959 5.991
17.7 1.13991 5.991
17.8 1.36756 5.991
17.9 0.0917043 5.991
18 1.40472 5.991
18.1 6.13694 5.991
18.2 2.20298 5.991
18.3 0.698371 5.991
18.4 2.22574 5.991
18.5 2.98801 5.991
18.6 5.29806 5.991
18.7 2.8179 5.991
18.8 0.393618 5.991
18.9 0.598969 5.991
19 0.544388 5.991
19.1 0.567717 5.991
19.2 1.85852 5.991
19.3 4.17091 5.991
19.4 1.37684 5.991
19.5 5.98129 5.991
19.6 1.14636 5.991
19.7 1.14418 5.991
19.8 0.01041 5.991
19.9 0.63814 5.991
20 2.63119 5.991
20.1 1.54461 5.991
20.2 2.77737 5.991
20.3 0.166967 5.991
20.4 0.513828 5.991
20.5 0.877356 5.991
20.6 0.106539 5.991
20.7 1.41891 5.991
20.8 0.301794 5.991
20.9 3.7416 5.991
21 2.0768 5.991
21.1 0.408767 5.991
21.2 0.961775 5.991
21.3 1.19644 5.991
21.4 0.0297888 5.991
21.5 0.0713102 5.991
21.6 4.30341 5.991
21.7 0.981767 5.991
21.8 0.299879 5.991
21.9 2.0975 5.991
22 0.0390853 5.991
22.0999 4.70464 5.991
22.1999 2.89962 5.991
22.2999 1.29211 5.991
22.3999 0.593024 5.991
22.4999 0.776653 5.991
22.5999 6.13418 5.991
22.6999 0.693235 5.991
22.7999 2.96348 5.991
22.8999 0.754852 5.991
22.9999 0.82531 5.991
23.0999 1.06561 5.991
23.1999 1.17908 5.991
23.2999 2.11341 5.991
23.3999 0.229837 5.991
23.4999 2.13343 5.991
23.5999 7.69375 5.991
23.6999 0.750482 5.991
23.7999 3.70963 5.991
23.8999 2.25518 5.991
23.9999 1.8862 5.991
24.0999 0.844141 5.991
24.1999 2.70645 5.991
24.2999 1.00856 5.991
24.3999 2.00106 5.991
24.4999 0.673691 5.991
24.5999 0.98162 5.991
24.6999 4.77156 5.991
24.7999 5.70519 5.991
24.8999 0.634815 5.991
