0.05 74.5268 7.815
0.15 1.77774 7.815
0.25 5.99038 7.815
0.35 5.65661 7.815
0.45 0.230963 7.815
0.55 1.50441 7.815
0.65 3.56068 7.815
0.75 1.69506 7.815
0.85 1.75404 7.815
0.95 1.68414 7.815
1.05 4.02322 7.815
1.15 0.371559 7.815
1.25 2.68621 7.815
1.35 4.92669 7.815
1.45 2.22956 7.815
1.55 6.65367 7.815
1.65 6.79224 7.815
1.75 4.24908 7.815
1.85 4.44073 7.815
1.95 3.35021 7.815
2.05 2.37267 7.815
2.15 0.803925 7.815
2.25 1.43375 7.815
2.35 0.903542 7.815
2.45 3.11593 7.815
2.55 10.4799 7.815
2.65 0.133562 7.815
2.75 1.61097 7.815
2.85 3.52762 7.815
2.95 2.40196 7.815
3.05 1.14061 7.815
3.15 1.65076 7.815
3.25 0.7155 7.815
3.35 3.78259 7.815
3.45 1.70725 7.815
3.55 3.07518 7.815
3.65 0.700136 7.815
3.75 0.774538 7.815
3.85 0.19895 7.815
3.95 0.786467 7.815
4.05 3.90277 7.815
4.15 0.303257 7.815
4.25 2.21932 7.815
4.35 0.496186 7.815
4.45 1.05597 7.815
4.55 2.45006 7.815
4.65 7.37116 7.815
4.75 2.51857 7.815
4.85 4.92196 7.815
4.95 9.31623 7.815
5.05 4.3192 7.815
5.15 2.6469 7.815
5.25 2.14489 7.815
5.35 1.35337 7.815
5.45 0.765465 7.815
5.55 1.34487 7.815
5.65 3.4234 7.815
5.75 7.43397 7.815
5.85 1.40559 7.815
5.95 1.9352 7.815
6.05 0.249003 7.815
6.15001 6.26548 7.815
6.25001 6.21031 7.815
6.35001 1.81741 7.815
6.45001 2.46786 7.815
6.55001 6.43345 7.815
6.65001 1.91095 7.815
6.75001 2.94692 7.815
6.85001 3.2661 7.815
6.95001 10.0945 7.815
7.05001 3.2114 7.815
7.15001 5.50147 7.815
7.25001 2.29559 7.815
7.35001 1.2746 7.815
7.45001 0.265746 7.815
7.55001 1.88735 7.815
7.65001 1.96612 7.815
7.75001 2.55467 7.815
7.85001 0.907809 7.815
7.95001 1.04863 7.815
8.05001 4.0718 7.815
8.15001 5.75946 7.815
8.25001 0.995071 7.815
8.35001 1.69744 7.815
8.45001 1.52966 7.815
8.55001 4.59143 7.815
8.65001 0.175851 7.815
8.75002 3.52202 7.815
8.85002 0.215324 7.815
8.95002 0.490981 7.815
9.05002 2.91724 7.815
9.15002 1.85107 7.815
9.25002 1.7977 7.815
9.35002 4.76504 7.815
9.45002 1.47917 7.815
9.55002 1.30143 7.815
9.65002 7.05448 7.815
9.75002 3.46658 7.815
9.85002 2.30725 7.815
9.95002 2.82011 7.815
10.05 2.31963 7.815
10.15 4.82134 7.815
10.25 0.793188 7.815
10.35 2.37796 7.815
10.45 0.890088 7.815
10.55 2.2996 7.815
10.65 2.00619 7.815
10.75 2.69525 7.815
10.85 0.682994 7.815
10.95 1.39631 7.815
11.05 3.50754 7.815
11.15 3.60929 7.815
11.25 2.62686 7.815
11.35 2.16067 7.815
11.45 2.07189 7.815
11.55 1.54896 7.815
11.65 0.54321 7.815
11.75 2.40637 7.815
11.85 1.9253 7.815
11.95 2.52771 7.815
12.05 5.54855 7.815
12.15 4.92467 7.815
12.25 2.00632 7.815
12.35 3.64181 7.815
12.45 3.58936 7.815
12.55 1.94815 7.815
12.65 0.428841 7.815
12.75 1.8573 7.815
12.85 1.52406 7.815
12.95 4.01862 7.815
13.05 0.55711 7.815
13.15 0.303262 7.815
13.25 3.74827 7.815
13.35 0.231187 7.815
13.45 1.2492 7.815
13.55 5.40275 7.815
13.65 5.8041 7.815
13.75 3.51903 7.815
13.85 5.22725 7.815
13.95 3.04517 7.815
14.05 3.36823 7.815
14.15 3.02641 7.815
14.25 0.910547 7.815
14.35 0.373025 7.815
14.45 4.48753 7.815
14.55 0.447944 7.815
14.65 0.430374 7.815
14.75 2.30895 7.815
14.85 3.47429 7.815
14.95 0.258044 7.815
15.05 5.56826 7.815
15.15 1.05578 7.815
15.25 7.1781 7.815
15.35 0.902437 7.815
15.45 1.66265 7.815
15.55 1.27779 7.815
15.65 1.66507 7.815
15.75 1.38801 7.815
15.85 2.85933 7.815
15.95 1.39738 7.815
16.05 2.74676 7.815
16.15 3.1936 7.815
16.25 2.98855 7.815
16.35 0.343891 7.815
16.45 4.5706 7.815
16.55 2.14107 7.815
16.65 2.22763 7.815
16.75 4.9907 7.815
16.85 8.07609 7.815
16.95 1.66817 7.815
17.05 0.557416 7.815
17.15 1.73589 7.815
17.25 3.90941 7.815
17.35 1.02077 7.815
17.45 4.84531 7.815
17.55 1.54047 7.815
17.65 2.53272 7.815
17.75 1.96499 7.815
17.85 6.24054 7.815
17.95 2.19054 7.815
18.05 0.777929 7.815
18.15 3.04619 7.815
18.25 2.16543 7.815
18.35 0.939707 7.815
18.45 1.93239 7.815
18.55 3.45583 7.815
18.65 0.299081 7.815
18.75 1.83125 7.815
18.85 1.2626 7.815
18.95 6.04194 7.815
19.05 0.119542 7.815
19.15 11.4908 7.815
19.25 3.19282 7.815
19.35 0.164185 7.815
19.45 1.7564 7.815
19.55 1.26082 7.815
19.65 2.03653 7.815
19.75 1.62721 7.815
19.85 5.17052 7.815
19.95 2.27542 7.815
20.05 2.74826 7.815
20.15 1.80876 7.815
20.25 6.57933 7.815
20.35 8.27056 7.815
20.45 0.423475 7.815
20.55 0.519564 7.815
20.65 3.18226 7.815
20.75 2.10132 7.815
20.85 1.13931 7.815
20.95 0.589378 7.815
21.05 9.03438 7.815
21.15 2.32174 7.815
21.25 0.829501 7.815
21.35 3.05792 7.815
21.45 4.84228 7.815
21.55 1.54834 7.815
21.65 5.49627 7.815
21.75 1.73169 7.815
21.85 2.57723 7.815
21.95 5.62908 7.815
22.0499 1.55179 7.815
22.1499 5.6557 7.815
22.2499 4.87359 7.815
22.3499 1.35126 7.815
22.4499 0.85456 7.815
22.5499 4.69334 7.815
22.6499 1.72301 7.815
22.7499 5.73412 7.815
22.8499 2.94915 7.815
22.9499 0.391497 7.815
23.0499 0.0421608 7.815
23.1499 0.462897 7.815
23.2499 0.26698 7.815
23.3499 7.49197 7.815
23.4499 6.6997 7.815
23.5499 0.567815 7.815
23.6499 1.5727 7.815
23.7499 0.290603 7.815
23.8499 1.16486 7.815
23.9499 0.361534 7.815
24.0499 2.72256 7.815
24.1499 9.45651 7.815
24.2499 0.2917 7.815
24.3499 6.8584 7.815
24.4499 3.9257 7.815
24.5499 2.56032 7.815
24.6499 6.44031 7.815
24.7499 1.4007 7.815
24.8499 1.79261 7.815
