0.05 0 0
0.1 -1.02824e-17 0.000345566
0.15 -0.32053 0.00103664
0.2 -0.128997 0.00207312
0.25 -0.047858 0.00345484
0.3 -0.0681175 0.00518158
0.35 -0.0507141 0.00725307
0.4 0.0161176 0.00966898
0.45 0.0222184 0.0124289
0.5 0.0115544 0.0155325
0.55 0.0150941 0.0189791
0.6 -0.120068 0.0227684
0.65 -0.231352 0.0268996
0.7 -0.104834 0.0313721
0.75 -0.0933928 0.0361852
0.8 -0.0487084 0.0413382
0.85 0.0573504 0.0468302
0.9 0.0497289 0.0526604
0.95 0.0361183 0.0588279
1 0.0384792 0.0653316
1.05 0.0409567 0.0721706
1.1 -0.0145689 0.0793437
1.15 0.0600496 0.0868499
1.2 0.0750845 0.0946879
1.25 0.0646942 0.102857
1.3 0.046967 0.111355
1.35 0.0942515 0.120181
1.4 0.0905189 0.129333
1.45 0.0645672 0.138811
1.5 0.0669693 0.148612
1.55 0.0683336 0.158735
1.6 0.118767 0.169179
1.65 0.141914 0.179942
1.7 0.149403 0.191022
1.75 0.151404 0.202417
1.8 0.180491 0.214126
1.85 0.237789 0.226147
1.9 0.279316 0.238478
1.95 0.297192 0.251116
2 0.3326 0.26406
2.05 0.310395 0.277309
2.1 0.303188 0.290859
2.15 0.283789 0.304708
2.2 0.288254 0.318855
2.25 0.290277 0.333298
2.3 0.306828 0.348033
2.35 0.279261 0.363059
2.4 0.274217 0.378373
2.45 0.327905 0.393973
2.5 0.344951 0.409856
2.55 0.392065 0.42602
2.6 0.458329 0.442462
2.65 0.465812 0.459181
2.7 0.486256 0.476172
2.75 0.517273 0.493433
2.8 0.509289 0.510962
2.85 0.489499 0.528756
2.9 0.516807 0.546812
2.95 0.568105 0.565128
3 0.610706 0.583699
3.05 0.644347 0.602525
3.1 0.651588 0.6216
3.15 0.650822 0.640923
3.2 0.685031 0.66049
3.25 0.716765 0.680299
3.3 0.726043 0.700345
3.35 0.742158 0.720627
3.4 0.803216 0.74114
3.45 0.847832 0.761882
3.5 0.862942 0.782849
3.55 0.879134 0.804038
3.6 0.895502 0.825446
3.65 0.869099 0.847069
3.7 0.904654 0.868904
3.75 0.915832 0.890947
3.8 0.93792 0.913195
3.85 0.984823 0.935644
3.9 1.01299 0.958291
3.95 0.995674 0.981133
4 0.997461 1.00417
4.05 0.960474 1.02738
4.1 1.00867 1.05079
4.15 1.06928 1.07437
4.2 1.07905 1.09813
4.25 1.11513 1.12206
4.3 1.12541 1.14615
4.35 1.12223 1.17042
4.4 1.14601 1.19484
4.45 1.12287 1.21942
4.5 1.16285 1.24416
4.55 1.17083 1.26904
4.6 1.22755 1.29407
4.65 1.25466 1.31923
4.7 1.27943 1.34454
4.75 1.32563 1.36998
4.8 1.38346 1.39555
4.85 1.41353 1.42124
4.9 1.43908 1.44706
4.95 1.46148 1.47299
5 1.55635 1.49904
5.05 1.55535 1.52519
5.1 1.54173 1.55145
5.15 1.58097 1.57781
5.2 1.64938 1.60426
5.25 1.65718 1.63081
5.3 1.67949 1.65745
5.35 1.70811 1.68417
5.4 1.72842 1.71097
5.45 1.74782 1.73784
5.5 1.7857 1.76479
5.55 1.81486 1.7918
5.6 1.84413 1.81888
5.65 1.88943 1.84601
5.7 1.89881 1.8732
5.75 1.90271 1.90044
5.8 1.9978 1.92772
5.85 2.00296 1.95504
5.9 2.02357 1.98241
5.95 2.05453 2.0098
6 2.06063 2.03722
6.05 2.09016 2.06467
6.10001 2.11982 2.09213
6.15001 2.14901 2.11961
6.20001 2.22145 2.1471
6.25001 2.25922 2.1746
6.30001 2.22147 2.2021
6.35001 2.26916 2.2296
6.40001 2.26447 2.25709
6.45001 2.27635 2.28457
6.50001 2.33035 2.31204
6.55001 2.34994 2.33948
6.60001 2.35562 2.3669
6.65001 2.38282 2.3943
6.70001 2.42465 2.42166
6.75001 2.44895 2.44898
6.80001 2.45977 2.47627
6.85001 2.50188 2.5035
6.90001 2.52878 2.53069
6.95001 2.55447 2.55783
7.00001 2.6125 2.5849
7.05001 2.63311 2.61191
7.10001 2.6288 2.63886
7.15001 2.64424 2.66574
7.20001 2.65392 2.69253
7.25001 2.66368 2.71925
7.30001 2.70734 2.74589
7.35001 2.72339 2.77244
7.40001 2.76531 2.79889
7.45001 2.79931 2.82525
7.50001 2.83758 2.85151
7.55001 2.87409 2.87767
7.60001 2.93358 2.90371
7.65001 2.97035 2.92964
7.70001 2.9863 2.95546
7.75001 3.01248 2.98115
7.80001 3.03693 3.00672
7.85001 3.06184 3.03216
7.90001 3.09208 3.05747
7.95001 3.13956 3.08264
8.00001 3.17292 3.10767
8.05001 3.2038 3.13255
8.10001 3.24186 3.15728
8.15001 3.28051 3.18186
8.20001 3.27312 3.20629
8.25001 3.26479 3.23055
8.30001 3.28343 3.25465
8.35001 3.31428 3.27858
8.40001 3.3042 3.30234
8.45001 3.33467 3.32592
8.50001 3.36245 3.34932
8.55001 3.36116 3.37254
8.60001 3.40448 3.39557
8.65001 3.42615 3.41841
8.70002 3.45968 3.44106
8.75002 3.48157 3.46351
8.80002 3.52169 3.48576
8.85002 3.51305 3.5078
8.90002 3.53342 3.52963
8.95002 3.54327 3.55126
9.00002 3.55736 3.57266
9.05002 3.57095 3.59385
9.10002 3.58971 3.61482
9.15002 3.59562 3.63556
9.20002 3.64092 3.65608
9.25002 3.6806 3.67636
9.30002 3.71688 3.6964
9.35002 3.72894 3.71621
9.40002 3.7361 3.73578
9.45002 3.77802 3.7551
9.50002 3.8052 3.77418
9.55002 3.82785 3.793
9.60002 3.84036 3.81158
9.65002 3.88608 3.82989
9.70002 3.93258 3.84795
9.75002 3.90779 3.86574
9.80002 3.91632 3.88327
9.85002 3.91037 3.90053
9.90002 3.9462 3.91752
9.95002 3.94428 3.93424
10 4.0071 3.95068
10.05 4.02356 3.96685
10.1 4.01811 3.98273
10.15 4.02952 3.99833
10.2 4.02981 4.01365
10.25 4.05884 4.02867
10.3 4.05753 4.04341
10.35 4.03706 4.05785
10.4 4.0932 4.07199
10.45 4.10137 4.08584
10.5 4.10239 4.09939
10.55 4.08717 4.11264
10.6 4.08102 4.12559
10.65 4.12165 4.13823
10.7 4.16902 4.15056
10.75 4.16587 4.16258
10.8 4.21041 4.17429
10.85 4.29576 4.18568
10.9 4.32563 4.19676
10.95 4.30965 4.20752
11 4.30616 4.21797
11.05 4.38144 4.22809
11.1 4.37273 4.23789
11.15 4.36905 4.24737
11.2 4.35295 4.25652
11.25 4.3712 4.26535
11.3 4.35582 4.27385
11.35 4.30171 4.28201
11.4 4.29137 4.28985
11.45 4.2539 4.29736
11.5 4.29974 4.30453
11.55 4.29586 4.31137
11.6 4.32634 4.31787
11.65 4.33409 4.32404
11.7 4.34077 4.32987
11.75 4.35942 4.33536
11.8 4.36567 4.34052
11.85 4.3859 4.34533
11.9 4.38227 4.3498
11.95 4.38603 4.35393
12 4.36802 4.35772
12.05 4.39905 4.36117
12.1 4.41117 4.36427
12.15 4.39894 4.36703
12.2 4.34107 4.36945
12.25 4.33768 4.37152
12.3 4.37062 4.37325
12.35 4.39543 4.37463
12.4 4.39263 4.37567
12.45 4.40721 4.37636
12.5 4.39482 4.3767
12.55 4.39732 4.3767
12.6 4.36963 4.37636
12.65 4.36417 4.37567
12.7 4.38656 4.37463
12.75 4.37521 4.37325
12.8 4.35064 4.37152
12.85 4.33223 4.36945
12.9 4.35474 4.36703
12.95 4.3613 4.36427
13 4.34132 4.36117
13.05 4.34024 4.35772
13.1 4.32393 4.35393
13.15 4.32766 4.3498
13.2 4.33884 4.34533
13.25 4.33801 4.34052
13.3 4.30603 4.33536
13.35 4.30288 4.32987
13.4 4.28593 4.32404
13.45 4.29064 4.31787
13.5 4.29057 4.31137
13.55 4.29602 4.30453
13.6 4.3058 4.29736
13.65 4.30926 4.28985
13.7 4.31704 4.28201
13.75 4.32382 4.27385
13.8 4.28967 4.26535
13.85 4.2591 4.25652
13.9 4.23086 4.24737
13.95 4.24615 4.23789
14 4.26367 4.22809
14.05 4.23874 4.21797
14.1 4.20042 4.20752
14.15 4.20625 4.19676
14.2 4.18152 4.18568
14.25 4.15789 4.17429
14.3 4.13393 4.16258
14.35 4.16518 4.15056
14.4 4.16601 4.13823
14.45 4.15015 4.12559
14.5 4.15322 4.11264
14.55 4.09967 4.09939
14.6 4.0858 4.08584
14.65 4.08534 4.07199
14.7 4.08041 4.05785
14.75 4.08344 4.04341
14.8 4.09047 4.02867
14.85 4.09785 4.01365
14.9 4.08116 3.99833
14.95 4.05644 3.98273
15 4.04677 3.96685
15.05 4.03489 3.95068
15.1 4.02201 3.93424
15.15 3.96416 3.91752
15.2 3.94834 3.90053
15.25 3.97018 3.88327
15.3 3.91817 3.86574
15.35 3.89213 3.84795
15.4 3.87005 3.82989
15.45 3.84832 3.81158
15.5 3.81254 3.793
15.55 3.78273 3.77418
15.6 3.76218 3.7551
15.65 3.77769 3.73578
15.7 3.75116 3.71621
15.75 3.72784 3.6964
15.8 3.7001 3.67636
15.85 3.66245 3.65608
15.9 3.64411 3.63556
15.95 3.61367 3.61482
16 3.5777 3.59385
16.05 3.5349 3.57266
16.1 3.51051 3.55126
16.15 3.47282 3.52963
16.2 3.41862 3.5078
16.25 3.43091 3.48576
16.3 3.4257 3.46351
16.35 3.44244 3.44106
16.4 3.42305 3.41841
16.45 3.35091 3.39557
16.5 3.33826 3.37254
16.55 3.35983 3.34932
16.6 3.31806 3.32592
16.65 3.32381 3.30234
16.7 3.27736 3.27858
16.75 3.23272 3.25465
16.8 3.19794 3.23055
16.85 3.15143 3.20629
16.9 3.17169 3.18186
16.95 3.15693 3.15728
17 3.12083 3.13255
17.05 3.08284 3.10767
17.1 3.03924 3.08264
17.15 3.06334 3.05747
17.2 3.05673 3.03216
17.25 3.04296 3.00672
17.3 3.02355 2.98115
17.35 2.9491 2.95546
17.4 2.90009 2.92964
17.45 2.83706 2.90371
17.5 2.79759 2.87767
17.55 2.89208 2.85151
17.6 2.88936 2.82525
17.65 2.84851 2.79889
17.7 2.82034 2.77244
17.75 2.80236 2.74589
17.8 2.77377 2.71925
17.85 2.78419 2.69253
17.9 2.70877 2.66574
17.95 2.69224 2.63886
18 2.67969 2.61191
18.05 2.65955 2.5849
18.1 2.62744 2.55783
18.15 2.53732 2.53069
18.2 2.48193 2.5035
18.25 2.44172 2.47627
18.3 2.44707 2.44898
18.35 2.42361 2.42166
18.4 2.40641 2.3943
18.45 2.40954 2.3669
18.5 2.36799 2.33948
18.55 2.30502 2.31204
18.6 2.27038 2.28457
18.65 2.24726 2.25709
18.7 2.21868 2.2296
18.75 2.19537 2.2021
18.8 2.16672 2.1746
18.85 2.14921 2.1471
18.9 2.15018 2.11961
18.95 2.12382 2.09213
19 2.12709 2.06467
19.05 2.1143 2.03722
19.1 2.0946 2.0098
19.15 2.06286 1.98241
19.2 2.00471 1.95504
19.25 1.95763 1.92772
19.3 1.89619 1.90044
19.35 1.83947 1.8732
19.4 1.79335 1.84601
19.45 1.74905 1.81888
19.5 1.73523 1.7918
19.55 1.72843 1.76479
19.6 1.71993 1.73784
19.65 1.70165 1.71097
19.7 1.68841 1.68417
19.75 1.65044 1.65745
19.8 1.60366 1.63081
19.85 1.57421 1.60426
19.9 1.56264 1.57781
19.95 1.54064 1.55145
20 1.49752 1.52519
20.05 1.45667 1.49904
20.1 1.42731 1.47299
20.15 1.40326 1.44706
20.2 1.40154 1.42124
20.25 1.39131 1.39555
20.3 1.39153 1.36998
20.35 1.36605 1.34454
20.4 1.35353 1.31923
20.45 1.33144 1.29407
20.5 1.29703 1.26904
20.55 1.27332 1.24416
20.6 1.26371 1.21942
20.65 1.24351 1.19484
20.7 1.19033 1.17042
20.75 1.16863 1.14615
20.8 1.14846 1.12206
20.85 1.11849 1.09813
20.9 1.08551 1.07437
20.95 1.06991 1.05079
21 1.03953 1.02738
21.05 1.0033 1.00417
21.1 0.983761 0.981133
21.15 0.963711 0.958291
21.2 0.933627 0.935644
21.25 0.907577 0.913195
21.3 0.858336 0.890947
21.35 0.81934 0.868904
21.4 0.780676 0.847069
21.45 0.748104 0.825446
21.5 0.771375 0.804038
21.55 0.747332 0.782849
21.6 0.748614 0.761882
21.65 0.740103 0.74114
21.7 0.7122 0.720627
21.75 0.692023 0.700345
21.8 0.64906 0.680299
21.85 0.629364 0.66049
21.9 0.570141 0.640923
21.95 0.561695 0.6216
22 0.579891 0.602525
22.0499 0.562528 0.583699
22.0999 0.553431 0.565128
22.1499 0.490667 0.546812
22.1999 0.516373 0.528756
22.2499 0.52196 0.510962
22.2999 0.478126 0.493433
22.3499 0.466785 0.476172
22.3999 0.481244 0.459181
22.4499 0.464534 0.442462
22.4999 0.471369 0.42602
22.5499 0.44152 0.409856
22.5999 0.417278 0.393973
22.6499 0.391162 0.378373
22.6999 0.36891 0.363059
22.7499 0.356381 0.348033
22.7999 0.28658 0.333298
22.8499 0.288808 0.318855
22.8999 0.299452 0.304708
22.9499 0.295771 0.290859
22.9999 0.281763 0.277309
23.0499 0.287958 0.26406
23.0999 0.271933 0.251116
23.1499 0.272289 0.238478
23.1999 0.2552 0.226147
23.2499 0.218729 0.214126
23.2999 0.21633 0.202417
23.3499 0.171215 0.191022
23.3999 0.126696 0.179942
23.4499 0.116291 0.169179
23.4999 0.126503 0.158735
23.5499 0.0774395 0.148612
23.5999 0.0662267 0.138811
23.6499 0.122102 0.129333
23.6999 0.147141 0.120181
23.7499 0.118963 0.111355
23.7999 0.102518 0.102857
23.8499 0.126322 0.0946879
23.8999 0.131543 0.0868499
23.9499 0.0909424 0.0793437
23.9999 0.0966178 0.0721706
24.0499 0.108557 0.0653316
24.0999 0.0961562 0.0588279
24.1499 0.0834814 0.0526604
24.1999 -0.0121849 0.0468302
24.2499 -0.0397281 0.0413382
24.2999 -0.0486498 0.0361852
24.3499 -0.0647262 0.0313721
24.3999 -0.0118533 0.0268996
24.4499 0.00559154 0.0227684
24.4999 -0.0136014 0.0189791
24.5499 -0.00538421 0.0155325
24.5999 -0.017755 0.0124289
24.6499 -0.00532361 0.00966898
24.6999 -0.0328802 0.00725307
24.7499 -0.0786348 0.00518158
24.7999 -0.0634586 0.00345484
24.8499 -0.0296725 0.00207312
24.8999 -0.0175188 0.00103664
