0.05 0 0.00691132
0.1 6.46211e-18 0.0138215
0.15 -0.0386034 0.0207296
0.2 -0.00492954 0.0276344
0.25 0.0400651 0.0345348
0.3 -0.356296 0.0414297
0.35 -0.264374 0.0483182
0.4 -0.172321 0.0551989
0.45 -0.116462 0.062071
0.5 -0.155091 0.0689333
0.55 -0.112479 0.0757847
0.6 -0.522324 0.0826241
0.65 -0.766198 0.0894504
0.7 -0.326081 0.0962627
0.75 -0.259794 0.10306
0.8 -0.136556 0.10984
0.85 0.101415 0.116604
0.9 0.0752053 0.123349
0.95 0.041423 0.130074
1 0.0438067 0.136779
1.05 0.0436933 0.143463
1.1 -0.0570303 0.150124
1.15 0.0714958 0.156761
1.2 0.0894995 0.163373
1.25 0.0658548 0.169959
1.3 0.0305581 0.176519
1.35 0.102602 0.183051
1.4 0.0889047 0.189554
1.45 0.0417272 0.196027
1.5 0.040527 0.202468
1.55 0.0396441 0.208879
1.6 0.116934 0.215255
1.65 0.143971 0.221599
1.7 0.143518 0.227907
1.75 0.135869 0.234179
1.8 0.169647 0.240414
1.85 0.244418 0.246611
1.9 0.295283 0.252769
1.95 0.300767 0.258887
2 0.340773 0.264964
2.05 0.281907 0.271
2.1 0.2455 0.276993
2.15 0.196877 0.282942
2.2 0.191047 0.288846
2.25 0.179843 0.294705
2.3 0.186844 0.300517
2.35 0.131363 0.306282
2.4 0.110134 0.311998
2.45 0.182496 0.317665
2.5 0.187004 0.323282
2.55 0.243644 0.328848
2.6 0.338451 0.334362
2.65 0.323986 0.339823
2.7 0.332439 0.34523
2.75 0.353244 0.350583
2.8 0.301487 0.355881
2.85 0.25134 0.361122
2.9 0.265286 0.366307
2.95 0.321008 0.371433
3 0.369356 0.376501
3.05 0.39116 0.381509
3.1 0.373749 0.386458
3.15 0.345509 0.391345
3.2 0.386063 0.39617
3.25 0.403753 0.400933
3.3 0.383153 0.405632
3.35 0.379181 0.410268
3.4 0.473482 0.414838
3.45 0.503188 0.419343
3.5 0.491808 0.423782
3.55 0.480358 0.428154
3.6 0.476705 0.432459
3.65 0.4068 0.436695
3.7 0.442346 0.440862
3.75 0.426644 0.444959
3.8 0.423436 0.448987
3.85 0.459371 0.452943
3.9 0.469287 0.456828
3.95 0.413605 0.46064
4 0.370547 0.46438
4.05 0.294043 0.468047
4.1 0.36639 0.47164
4.15 0.425056 0.475158
4.2 0.402158 0.478601
4.25 0.4241 0.481969
4.3 0.394617 0.48526
4.35 0.364451 0.488475
4.4 0.381068 0.491613
4.45 0.32416 0.494673
4.5 0.374875 0.497655
4.55 0.360117 0.500558
4.6 0.442978 0.503383
4.65 0.449425 0.506127
4.7 0.436394 0.508793
4.75 0.468091 0.511377
4.8 0.537672 0.513881
4.85 0.540627 0.516304
4.9 0.523168 0.518645
4.95 0.518544 0.520904
5 0.66157 0.523081
5.05 0.618116 0.525176
5.1 0.505873 0.527187
5.15 0.521404 0.529115
5.2 0.61823 0.53096
5.25 0.58968 0.532721
5.3 0.581042 0.534397
5.35 0.581762 0.53599
5.4 0.552986 0.537498
5.45 0.541957 0.53892
5.5 0.569502 0.540258
5.55 0.569653 0.54151
5.6 0.564131 0.542677
5.65 0.584222 0.543759
5.7 0.532659 0.544754
5.75 0.506098 0.545663
5.8 0.6883 0.546486
5.85 0.654327 0.547223
5.9 0.624317 0.547873
5.95 0.623663 0.548437
6 0.554225 0.548915
6.05 0.557593 0.549305
6.10001 0.563835 0.549609
6.15001 0.564103 0.549826
6.20001 0.684852 0.549957
6.25001 0.686122 0.55
6.30001 0.504904 0.549957
6.35001 0.529105 0.549826
6.40001 0.446507 0.549609
6.45001 0.434933 0.549305
6.50001 0.514576 0.548915
6.55001 0.508925 0.548437
6.60001 0.474939 0.547873
6.65001 0.477821 0.547223
6.70001 0.521175 0.546486
6.75001 0.519918 0.545663
6.80001 0.491975 0.544754
6.85001 0.512756 0.543759
6.90001 0.525482 0.542677
6.95001 0.522719 0.54151
7.00001 0.585191 0.540258
7.05001 0.57417 0.53892
7.10001 0.485503 0.537498
7.15001 0.472599 0.53599
7.20001 0.447785 0.534397
7.25001 0.433653 0.532721
7.30001 0.47984 0.53096
7.35001 0.470368 0.529115
7.40001 0.518942 0.527187
7.45001 0.528183 0.525176
7.50001 0.560251 0.523081
7.55001 0.568838 0.520904
7.60001 0.645906 0.518645
7.65001 0.651586 0.516304
7.70001 0.61751 0.513881
7.75001 0.615412 0.511377
7.80001 0.604514 0.508793
7.85001 0.597466 0.506127
7.90001 0.603111 0.503383
7.95001 0.625597 0.500558
8.00001 0.623402 0.497655
8.05001 0.625216 0.494673
8.10001 0.62975 0.491613
8.15001 0.641365 0.488475
8.20001 0.544942 0.48526
8.25001 0.494685 0.481969
8.30001 0.486804 0.478601
8.35001 0.49824 0.475158
8.40001 0.415841 0.47164
8.45001 0.430418 0.468047
8.50001 0.450584 0.46438
8.55001 0.41674 0.46064
8.60001 0.459243 0.456828
8.65001 0.455042 0.452943
8.70002 0.480228 0.448987
8.75002 0.476881 0.444959
8.80002 0.522878 0.440862
8.85002 0.474036 0.436695
8.90002 0.463592 0.432459
8.95002 0.4452 0.428154
9.00002 0.427179 0.423782
9.05002 0.416916 0.419343
9.10002 0.41798 0.414838
9.15002 0.397698 0.410268
9.20002 0.457855 0.405632
9.25002 0.482084 0.400933
9.30002 0.501626 0.39617
9.35002 0.485569 0.391345
9.40002 0.441965 0.386458
9.45002 0.470638 0.381509
9.50002 0.487977 0.376501
9.55002 0.487164 0.371433
9.60002 0.452939 0.366307
9.65002 0.487781 0.361122
9.70002 0.557629 0.355881
9.75002 0.480867 0.350583
9.80002 0.436759 0.34523
9.85002 0.396024 0.339823
9.90002 0.442232 0.334362
9.95002 0.411583 0.328848
10 0.49907 0.323282
10.05 0.487198 0.317665
10.1 0.415231 0.311998
10.15 0.402866 0.306282
10.2 0.356955 0.300517
10.25 0.371054 0.294705
10.3 0.327853 0.288846
10.35 0.276238 0.282942
10.4 0.365276 0.276993
10.45 0.35031 0.271
10.5 0.320676 0.264964
10.55 0.275513 0.258887
10.6 0.228857 0.252769
10.65 0.26976 0.246611
10.7 0.339316 0.240414
10.75 0.31051 0.234179
10.8 0.382651 0.227907
10.85 0.477072 0.221599
10.9 0.496072 0.215255
10.95 0.435962 0.208879
11 0.3811 0.202468
11.05 0.465677 0.196027
11.1 0.40089 0.189554
11.15 0.365382 0.183051
11.2 0.305701 0.176519
11.25 0.310877 0.169959
11.3 0.260558 0.163373
11.35 0.161481 0.156761
11.4 0.114484 0.150124
11.45 0.0531577 0.143463
11.5 0.145162 0.136779
11.55 0.129365 0.130074
11.6 0.18303 0.123349
11.65 0.182101 0.116604
11.7 0.172197 0.10984
11.75 0.187075 0.10306
11.8 0.198329 0.0962627
11.85 0.211432 0.0894504
11.9 0.174706 0.0826241
11.95 0.167331 0.0757847
12 0.128171 0.0689333
12.05 0.163979 0.062071
12.1 0.164988 0.0551989
12.15 0.135591 0.0483182
12.2 0.0137621 0.0414297
12.25 0.00768717 0.0345348
12.3 0.0754136 0.0276344
12.35 0.104403 0.0207296
12.4 0.0640938 0.0138215
12.45 0.0795798 0.00691132
12.5 0.0664454 -1.76894e-16
12.55 0.0643288 -0.00691132
12.6 -0.00730032 -0.0138215
12.65 -0.0144926 -0.0207296
12.7 0.036963 -0.0276344
12.75 0.020236 -0.0345348
12.8 -0.0447944 -0.0414297
12.85 -0.0638121 -0.0483182
12.9 0.000868289 -0.0551989
12.95 0.00693769 -0.062071
13 -0.0453515 -0.0689333
13.05 -0.0439026 -0.0757847
13.1 -0.078156 -0.0826241
13.15 -0.0668624 -0.0894504
13.2 -0.0311714 -0.0962627
13.25 -0.0275338 -0.10306
13.3 -0.117542 -0.10984
13.35 -0.10902 -0.116604
13.4 -0.138345 -0.123349
13.45 -0.131106 -0.130074
13.5 -0.109588 -0.136779
13.55 -0.101343 -0.143463
13.6 -0.0851333 -0.150124
13.65 -0.0778847 -0.156761
13.7 -0.0305624 -0.163373
13.75 -0.0218879 -0.169959
13.8 -0.0859844 -0.176519
13.85 -0.127153 -0.183051
13.9 -0.197732 -0.189554
13.95 -0.156397 -0.196027
14 -0.115246 -0.202468
14.05 -0.145171 -0.208879
14.1 -0.233055 -0.215255
14.15 -0.20558 -0.221599
14.2 -0.218535 -0.227907
14.25 -0.238304 -0.234179
14.3 -0.257739 -0.240414
14.35 -0.188087 -0.246611
14.4 -0.16088 -0.252769
14.45 -0.175414 -0.258887
14.5 -0.153229 -0.264964
14.55 -0.227762 -0.271
14.6 -0.23646 -0.276993
14.65 -0.217592 -0.282942
14.7 -0.20603 -0.288846
14.75 -0.183856 -0.294705
14.8 -0.139193 -0.300517
14.85 -0.117315 -0.306282
14.9 -0.122655 -0.311998
14.95 -0.150063 -0.317665
15 -0.151845 -0.323282
15.05 -0.158631 -0.328848
15.1 -0.159005 -0.334362
15.15 -0.236146 -0.339823
15.2 -0.243426 -0.34523
15.25 -0.19184 -0.350583
15.3 -0.26387 -0.355881
15.35 -0.282556 -0.361122
15.4 -0.297347 -0.366307
15.45 -0.305834 -0.371433
15.5 -0.337848 -0.376501
15.55 -0.355418 -0.381509
15.6 -0.359424 -0.386458
15.65 -0.31096 -0.391345
15.7 -0.327642 -0.39617
15.75 -0.339387 -0.400933
15.8 -0.356308 -0.405632
15.85 -0.386004 -0.410268
15.9 -0.379897 -0.414838
15.95 -0.39772 -0.419343
16 -0.426163 -0.423782
16.05 -0.455979 -0.428154
16.1 -0.451897 -0.432459
16.15 -0.474973 -0.436695
16.2 -0.531226 -0.440862
16.25 -0.47429 -0.444959
16.3 -0.431121 -0.448987
16.35 -0.375731 -0.452943
16.4 -0.380741 -0.456828
16.45 -0.456738 -0.46064
16.5 -0.440435 -0.46438
16.55 -0.377 -0.468047
16.6 -0.426005 -0.47164
16.65 -0.386696 -0.475158
16.7 -0.434948 -0.478601
16.75 -0.467751 -0.481969
16.8 -0.492434 -0.48526
16.85 -0.522475 -0.488475
16.9 -0.442391 -0.491613
16.95 -0.431787 -0.494673
17 -0.462421 -0.497655
17.05 -0.483159 -0.500558
17.1 -0.522844 -0.503383
17.15 -0.454215 -0.506127
17.2 -0.418389 -0.508793
17.25 -0.408311 -0.511377
17.3 -0.398203 -0.513881
17.35 -0.473803 -0.516304
17.4 -0.525041 -0.518645
17.45 -0.574911 -0.520904
17.5 -0.582622 -0.523081
17.55 -0.421262 -0.525176
17.6 -0.387429 -0.527187
17.65 -0.416443 -0.529115
17.7 -0.432287 -0.53096
17.75 -0.427787 -0.532721
17.8 -0.446725 -0.534397
17.85 -0.403132 -0.53599
17.9 -0.517719 -0.537498
17.95 -0.505216 -0.53892
18 -0.466723 -0.540258
18.05 -0.461964 -0.54151
18.1 -0.484168 -0.542677
18.15 -0.568605 -0.543759
18.2 -0.638421 -0.544754
18.25 -0.646991 -0.545663
18.3 -0.555279 -0.546486
18.35 -0.551414 -0.547223
18.4 -0.52302 -0.547873
18.45 -0.489628 -0.548437
18.5 -0.523534 -0.548915
18.55 -0.568057 -0.549305
18.6 -0.595553 -0.549609
18.65 -0.590511 -0.549826
18.7 -0.584655 -0.549957
18.75 -0.575528 -0.55
18.8 -0.565802 -0.549957
18.85 -0.553528 -0.549826
18.9 -0.486835 -0.549609
18.95 -0.48821 -0.549305
19 -0.422002 -0.548915
19.05 -0.412757 -0.548437
19.1 -0.408126 -0.547873
19.15 -0.421626 -0.547223
19.2 -0.534081 -0.546486
19.25 -0.558202 -0.545663
19.3 -0.650453 -0.544754
19.35 -0.679452 -0.543759
19.4 -0.709033 -0.542677
19.45 -0.720905 -0.54151
19.5 -0.670916 -0.540258
19.55 -0.645777 -0.53892
19.6 -0.585509 -0.537498
19.65 -0.574799 -0.53599
19.7 -0.526511 -0.534397
19.75 -0.53983 -0.532721
19.8 -0.590864 -0.53096
19.85 -0.590986 -0.529115
19.9 -0.560621 -0.527187
19.95 -0.552102 -0.525176
20 -0.599817 -0.523081
20.05 -0.609747 -0.520904
20.1 -0.616403 -0.518645
20.15 -0.605204 -0.516304
20.2 -0.539452 -0.513881
20.25 -0.517725 -0.511377
20.3 -0.439978 -0.508793
20.35 -0.444702 -0.506127
20.4 -0.420303 -0.503383
20.45 -0.422748 -0.500558
20.5 -0.458537 -0.497655
20.55 -0.460838 -0.494673
20.6 -0.423067 -0.491613
20.65 -0.421361 -0.488475
20.7 -0.513091 -0.48526
20.75 -0.506107 -0.481969
20.8 -0.503325 -0.478601
20.85 -0.510293 -0.475158
20.9 -0.526052 -0.47164
20.95 -0.515875 -0.468047
21 -0.524093 -0.46438
21.05 -0.534716 -0.46064
21.1 -0.49535 -0.456828
21.15 -0.490229 -0.452943
21.2 -0.493701 -0.448987
21.25 -0.493299 -0.444959
21.3 -0.553276 -0.440862
21.35 -0.566913 -0.436695
21.4 -0.594638 -0.432459
21.45 -0.598651 -0.428154
21.5 -0.462024 -0.423782
21.55 -0.464004 -0.419343
21.6 -0.4096 -0.414838
21.65 -0.388954 -0.410268
21.7 -0.3929 -0.405632
21.75 -0.39199 -0.400933
21.8 -0.440801 -0.39617
21.85 -0.438526 -0.391345
21.9 -0.533185 -0.386458
21.95 -0.510569 -0.381509
22 -0.414887 -0.376501
22.0499 -0.410447 -0.371433
22.0999 -0.386365 -0.366307
22.1499 -0.444172 -0.361122
22.1999 -0.332778 -0.355881
22.2499 -0.304237 -0.350583
22.2999 -0.375882 -0.34523
22.3499 -0.364413 -0.339823
22.3999 -0.287884 -0.334362
22.4499 -0.291892 -0.328848
22.4999 -0.239769 -0.323282
22.5499 -0.263119 -0.317665
22.5999 -0.296225 -0.311998
22.6499 -0.308861 -0.306282
22.6999 -0.326108 -0.300517
22.7499 -0.320092 -0.294705
22.7999 -0.435172 -0.288846
22.8499 -0.400775 -0.282942
22.8999 -0.325431 -0.276993
22.9499 -0.307203 -0.271
22.9999 -0.308854 -0.264964
23.0499 -0.279494 -0.258887
23.0999 -0.283667 -0.252769
23.1499 -0.265218 -0.246611
23.1999 -0.279413 -0.240414
23.2499 -0.309472 -0.234179
23.2999 -0.27872 -0.227907
23.3499 -0.321306 -0.221599
23.3999 -0.39595 -0.215255
23.4499 -0.383216 -0.208879
23.4999 -0.294485 -0.202468
23.5499 -0.342336 -0.196027
23.5999 -0.328177 -0.189554
23.6499 -0.2253 -0.183051
23.6999 -0.141424 -0.176519
23.7499 -0.170205 -0.169959
23.7999 -0.190919 -0.163373
23.8499 -0.147052 -0.156761
23.8999 -0.125267 -0.150124
23.9499 -0.170172 -0.143463
23.9999 -0.137597 -0.136779
24.0499 -0.113242 -0.130074
24.0999 -0.129143 -0.123349
24.1499 -0.137575 -0.116604
24.1999 -0.344143 -0.10984
24.2499 -0.356623 -0.10306
24.2999 -0.335026 -0.0962627
24.3499 -0.335309 -0.0894504
24.3999 -0.173598 -0.0826241
24.4499 -0.137878 -0.0757847
24.4999 -0.153281 -0.0689333
24.5499 -0.132253 -0.062071
24.5999 -0.131818 -0.0551989
24.6499 -0.10709 -0.0483182
24.6999 -0.137179 -0.0414297
24.7499 -0.18756 -0.0345348
24.7999 -0.136512 -0.0276344
24.8499 -0.0814135 -0.0207296
24.8999 -0.0384943 -0.0138215
